bkg_cosmic: 0.011326283033720904
unc_cosmic: 93.20554885775032
