bkg_bh: 0.04563809821710741
unc_bh: 114.72467147436609
