bkg_cosmic: 0.005663141516860452
unc_cosmic: 116.99262514310243
